participant_id
1001
1002
1003
1004
1005
1006
1007
1008
1009
1010
1011
1012
1013
1014
1015
1016
1017
1018
1019
1020
1021
1022
1023
1024
1025
1026
1027
1028
1029
1030
1031
1032
1033
1034
1035
1036
1037
1038
1039
1040
1041
1042
1043
1044
1045
1046
1047
1048
1049
1050
1051
1052
1053
1054
1055
1056
1057
1058
1059
1060
1061
1062
1063
1064
1065
1066
1067
1068
1069
1070
1071
1072
1073
1074
4001
4002
4003
4004
4005
4006
4008
4009
4011
4012
4014
4016
4017
4018
4019
4020
4021
4022
4024
4025
4026
4027
4028
4029
4030
4033
4034
4035
4036
4037
4038
4039
4040
4042
4043
4044
4046
4047
4048
4049
4050
4051
4054
4055
4056
4057
7001
7003
7004
7005
7006
7007
7008
7009
7010
7011
7012
7013
7014
7016
7017
7018
7019
7021
7022
7023
7024
7025
7026
7027
7029
7032
7033
7034
7036
7037
7038
7039
7040
7041
7042
7044
7045
7047
7048
7049
7051
7052
7053
7056
7057
7058
7059
7060
7061
7062
7063
7064
7066
7067
7068
7069
7070
7071
7072
7074
7075
7077
7078
7079
7080
7081
7084
7086
7087
7090
7092
7093
7096
7097
7098
7099
7103
7104
7105
7106
7107
7108
7109
7110
